. Sequence file : [Cottid_rh1.phy]

. Model of nucleotides substitution : HKY85

. Initial tree : [BioNJ]


. Data	Nb of 	Likelihood	Discrete   	Number of 	Gamma shape	Proportion of	Transition/ 	Nucleotides frequencies               	
  set	taxa	loglk     	gamma model	categories	parameter  	invariant    	transversion	f(A)      f(C)      f(G)      f(T)    	

  #1	49   	-4288.51987	Yes        	4        	0.207    	0.000    	1.830     	 0.16689   0.35043   0.25433   0.22835	

  #2	49   	-4477.72025	Yes        	4        	0.484    	0.296    	1.741     	 0.19121   0.33081   0.26649   0.21149	

  #3	49   	-3940.06288	Yes        	4        	0.425    	0.443    	1.696     	 0.14487   0.35390   0.25545   0.24577	

  #4	49   	-3904.40557	Yes        	4        	0.449    	0.328    	1.925     	 0.18430   0.33854   0.26808   0.20908	

  #5	49   	-4465.93220	Yes        	4        	0.507    	0.357    	2.253     	 0.16389   0.33362   0.27865   0.22384	

  #6	49   	-4151.78281	Yes        	4        	0.499    	0.344    	1.346     	 0.18026   0.32393   0.26622   0.22959	

  #7	49   	-4281.61914	Yes        	4        	0.525    	0.356    	1.454     	 0.16123   0.35652   0.27573   0.20651	

  #8	49   	-4131.82027	Yes        	4        	0.428    	0.253    	2.462     	 0.16123   0.33526   0.27870   0.22482	

  #9	49   	-4037.77783	Yes        	4        	0.632    	0.462    	1.979     	 0.18410   0.35368   0.23982   0.22240	

  #10	49   	-3823.44060	Yes        	4        	0.353    	0.237    	1.882     	 0.16413   0.33063   0.30051   0.20474	

  #11	49   	-4026.01534	Yes        	4        	0.264    	0.111    	1.546     	 0.18684   0.33860   0.26019   0.21437	

  #12	49   	-3952.96756	Yes        	4        	0.372    	0.236    	1.617     	 0.14558   0.36151   0.26718   0.22573	

  #13	49   	-4128.52330	Yes        	4        	0.611    	0.405    	1.730     	 0.14288   0.34311   0.28107   0.23294	

  #14	49   	-3967.23254	Yes        	4        	0.382    	0.327    	1.618     	 0.17124   0.34717   0.26458   0.21700	

  #15	49   	-4019.23285	Yes        	4        	0.520    	0.389    	1.936     	 0.16041   0.34936   0.26306   0.22717	

  #16	49   	-4276.67850	Yes        	4        	0.540    	0.397    	1.668     	 0.14093   0.31420   0.29005   0.25482	

  #17	49   	-3932.62817	Yes        	4        	0.337    	0.283    	1.615     	 0.14514   0.34320   0.27632   0.23534	

  #18	49   	-4242.59042	Yes        	4        	0.457    	0.376    	2.169     	 0.16983   0.32301   0.27213   0.23503	

  #19	49   	-4116.30065	Yes        	4        	0.556    	0.476    	1.688     	 0.17828   0.34036   0.25848   0.22288	

  #20	49   	-4300.15142	Yes        	4        	0.408    	0.293    	1.859     	 0.16821   0.33071   0.26221   0.23886	

  #21	49   	-3776.37494	Yes        	4        	0.300    	0.233    	1.675     	 0.17548   0.32750   0.26933   0.22769	

  #22	49   	-3964.52077	Yes        	4        	0.313    	0.327    	2.371     	 0.16162   0.34068   0.28354   0.21416	

  #23	49   	-4300.64970	Yes        	4        	0.302    	0.277    	2.190     	 0.16936   0.33517   0.27314   0.22233	

  #24	49   	-4086.98796	Yes        	4        	0.332    	0.317    	1.970     	 0.16271   0.35214   0.26307   0.22209	

  #25	49   	-4074.98507	Yes        	4        	0.535    	0.385    	1.976     	 0.15384   0.34808   0.29535   0.20273	

  #26	49   	-3978.86623	Yes        	4        	0.354    	0.366    	2.007     	 0.15879   0.31550   0.27934   0.24637	

  #27	49   	-4022.54453	Yes        	4        	0.368    	0.284    	1.962     	 0.15861   0.36180   0.26237   0.21722	

  #28	49   	-4211.87644	Yes        	4        	0.268    	0.208    	1.755     	 0.17456   0.32682   0.26707   0.23155	

  #29	49   	-4258.23155	Yes        	4        	0.503    	0.391    	1.870     	 0.17633   0.31004   0.28210   0.23153	

  #30	49   	-4056.74907	Yes        	4        	0.410    	0.374    	1.844     	 0.18168   0.32659   0.27396   0.21777	

  #31	49   	-4552.36139	Yes        	4        	0.410    	0.267    	1.871     	 0.14035   0.34503   0.29201   0.22261	

  #32	49   	-4002.24109	Yes        	4        	0.368    	0.245    	2.155     	 0.16119   0.35800   0.28068   0.20013	

  #33	49   	-4215.16535	Yes        	4        	0.573    	0.396    	2.028     	 0.16423   0.34370   0.27861   0.21346	

  #34	49   	-4317.63319	Yes        	4        	0.377    	0.266    	1.687     	 0.16606   0.32638   0.25264   0.25492	

  #35	49   	-3986.04563	Yes        	4        	0.306    	0.258    	2.082     	 0.15230   0.36872   0.27255   0.20644	

  #36	49   	-4158.76328	Yes        	4        	0.505    	0.364    	1.762     	 0.18029   0.33582   0.26187   0.22203	

  #37	49   	-4090.22108	Yes        	4        	0.305    	0.269    	1.926     	 0.17263   0.33569   0.28382   0.20786	

  #38	49   	-4049.15390	Yes        	4        	0.494    	0.384    	1.946     	 0.18058   0.32885   0.28797   0.20260	

  #39	49   	-4139.06509	Yes        	4        	0.392    	0.264    	1.779     	 0.14753   0.37520   0.27413   0.20313	

  #40	49   	-4181.61372	Yes        	4        	0.530    	0.382    	1.849     	 0.16168   0.32805   0.29527   0.21500	

  #41	49   	-3930.38128	Yes        	4        	0.543    	0.351    	2.005     	 0.16032   0.34522   0.27490   0.21956	

  #42	49   	-4154.32632	Yes        	4        	0.604    	0.447    	1.940     	 0.16174   0.34360   0.27281   0.22185	

  #43	49   	-4335.88133	Yes        	4        	0.483    	0.367    	1.818     	 0.17238   0.32671   0.28430   0.21661	

  #44	49   	-4024.83965	Yes        	4        	0.404    	0.286    	2.315     	 0.16577   0.32876   0.26090   0.24456	

  #45	49   	-4358.69062	Yes        	4        	0.557    	0.411    	1.809     	 0.15240   0.33064   0.28067   0.23630	

  #46	49   	-4083.03327	Yes        	4        	0.268    	0.157    	1.917     	 0.16353   0.33521   0.27882   0.22244	

  #47	49   	-4254.94491	Yes        	4        	0.449    	0.358    	2.212     	 0.16946   0.34039   0.26154   0.22860	

  #48	49   	-4079.34754	Yes        	4        	0.296    	0.180    	1.725     	 0.18790   0.32573   0.28328   0.20310	

  #49	49   	-3993.78734	Yes        	4        	0.221    	0.168    	1.824     	 0.19232   0.31477   0.27377   0.21913	

  #50	49   	-3965.20031	Yes        	4        	0.483    	0.391    	1.763     	 0.17867   0.35040   0.24023   0.23070	

  #51	49   	-4173.09494	Yes        	4        	0.447    	0.402    	2.213     	 0.16747   0.33528   0.28300   0.21426	

  #52	49   	-4240.23621	Yes        	4        	0.540    	0.312    	1.529     	 0.17090   0.33303   0.27989   0.21617	

  #53	49   	-4099.14355	Yes        	4        	0.362    	0.303    	2.002     	 0.16752   0.34437   0.26908   0.21903	

  #54	49   	-4314.08610	Yes        	4        	0.363    	0.219    	2.122     	 0.17796   0.30799   0.28434   0.22971	

  #55	49   	-3951.49089	Yes        	4        	0.365    	0.370    	1.766     	 0.16624   0.33952   0.26654   0.22769	

  #56	49   	-4142.46300	Yes        	4        	0.513    	0.374    	2.502     	 0.17149   0.33967   0.27267   0.21617	

  #57	49   	-4159.11430	Yes        	4        	0.507    	0.434    	1.872     	 0.16991   0.33038   0.26358   0.23614	

  #58	49   	-3945.20578	Yes        	4        	0.455    	0.292    	1.982     	 0.16094   0.34135   0.26699   0.23072	

  #59	49   	-4033.85857	Yes        	4        	0.373    	0.248    	1.680     	 0.14564   0.36705   0.27072   0.21659	

  #60	49   	-4276.43131	Yes        	4        	0.248    	0.025    	1.996     	 0.13609   0.36682   0.29042   0.20667	

  #61	49   	-3970.24044	Yes        	4        	0.500    	0.354    	1.742     	 0.16858   0.34010   0.26011   0.23121	

  #62	49   	-4022.16956	Yes        	4        	0.374    	0.222    	2.058     	 0.15501   0.34728   0.28352   0.21420	

  #63	49   	-4161.96151	Yes        	4        	0.569    	0.381    	1.835     	 0.18849   0.34737   0.24817   0.21597	

  #64	49   	-3852.27642	Yes        	4        	0.290    	0.234    	1.879     	 0.18709   0.32935   0.25117   0.23239	

  #65	49   	-3887.74454	Yes        	4        	0.333    	0.230    	1.611     	 0.16527   0.36138   0.26070   0.21266	

  #66	49   	-4070.47627	Yes        	4        	0.525    	0.367    	1.994     	 0.17830   0.33353   0.26810   0.22008	

  #67	49   	-4005.20526	Yes        	4        	0.413    	0.324    	2.035     	 0.18367   0.31452   0.28359   0.21822	

  #68	49   	-4338.36123	Yes        	4        	0.517    	0.416    	1.762     	 0.19148   0.33160   0.25111   0.22580	

  #69	49   	-4049.69205	Yes        	4        	0.517    	0.360    	1.599     	 0.16100   0.35151   0.26237   0.22512	

  #70	49   	-4031.98302	Yes        	4        	0.431    	0.333    	1.714     	 0.17114   0.32286   0.28525   0.22075	

  #71	49   	-3783.10039	Yes        	4        	0.500    	0.464    	2.424     	 0.17313   0.32585   0.27066   0.23036	

  #72	49   	-4070.12918	Yes        	4        	0.502    	0.360    	1.934     	 0.17241   0.33411   0.27090   0.22259	

  #73	49   	-3900.19904	Yes        	4        	0.431    	0.411    	2.060     	 0.15623   0.33400   0.25973   0.25003	

  #74	49   	-4055.41573	Yes        	4        	0.475    	0.378    	2.194     	 0.18847   0.31621   0.27660   0.21871	

  #75	49   	-4010.16819	Yes        	4        	0.425    	0.330    	1.563     	 0.15597   0.34112   0.27522   0.22769	

  #76	49   	-4273.39571	Yes        	4        	0.535    	0.414    	1.923     	 0.14478   0.34643   0.27294   0.23585	

  #77	49   	-4133.59148	Yes        	4        	0.426    	0.325    	2.086     	 0.17269   0.32856   0.27389   0.22486	

  #78	49   	-4121.67767	Yes        	4        	0.676    	0.426    	1.876     	 0.16664   0.30897   0.27040   0.25399	

  #79	49   	-4035.65317	Yes        	4        	0.274    	0.269    	1.858     	 0.16751   0.31986   0.29803   0.21460	

  #80	49   	-4150.48355	Yes        	4        	0.295    	0.176    	2.095     	 0.16677   0.35159   0.25450   0.22714	

  #81	49   	-4316.71511	Yes        	4        	0.367    	0.339    	1.648     	 0.17615   0.36514   0.24638   0.21234	

  #82	49   	-4062.69807	Yes        	4        	0.526    	0.414    	1.719     	 0.15652   0.34849   0.28581   0.20918	

  #83	49   	-4050.81763	Yes        	4        	0.452    	0.359    	1.839     	 0.16121   0.34842   0.27908   0.21128	

  #84	49   	-4276.13217	Yes        	4        	0.461    	0.411    	2.381     	 0.16301   0.34836   0.27648   0.21215	

  #85	49   	-4280.73080	Yes        	4        	0.296    	0.105    	1.892     	 0.16245   0.35976   0.25738   0.22040	

  #86	49   	-3956.73627	Yes        	4        	0.390    	0.230    	2.113     	 0.16305   0.33193   0.28554   0.21947	

  #87	49   	-4193.26628	Yes        	4        	0.438    	0.306    	2.159     	 0.15479   0.33630   0.29120   0.21770	

  #88	49   	-4004.92567	Yes        	4        	0.472    	0.349    	1.907     	 0.16592   0.32266   0.28913   0.22229	

  #89	49   	-3885.41387	Yes        	4        	0.580    	0.455    	1.956     	 0.16832   0.32680   0.30567   0.19921	

  #90	49   	-4402.23640	Yes        	4        	0.439    	0.385    	2.442     	 0.17019   0.33670   0.28883   0.20428	

  #91	49   	-4242.39247	Yes        	4        	0.396    	0.277    	2.150     	 0.16823   0.36073   0.26213   0.20890	

  #92	49   	-4153.52105	Yes        	4        	0.620    	0.421    	1.901     	 0.17672   0.33385   0.26428   0.22515	

  #93	49   	-4099.95048	Yes        	4        	0.512    	0.452    	2.421     	 0.15475   0.36165   0.25207   0.23153	

  #94	49   	-3725.84461	Yes        	4        	0.226    	0.038    	2.052     	 0.17127   0.35028   0.25549   0.22296	

  #95	49   	-3944.91348	Yes        	4        	0.537    	0.371    	1.678     	 0.13595   0.36764   0.29754   0.19888	

  #96	49   	-4271.87110	Yes        	4        	0.474    	0.378    	1.821     	 0.15395   0.33169   0.26942   0.24493	

  #97	49   	-4099.33377	Yes        	4        	0.460    	0.299    	1.721     	 0.15928   0.33344   0.26989   0.23739	

  #98	49   	-4381.28117	Yes        	4        	0.760    	0.423    	1.820     	 0.15713   0.32698   0.26963   0.24626	

  #99	49   	-4463.54629	Yes        	4        	0.279    	0.280    	1.714     	 0.15592   0.35595   0.26529   0.22284	

  #100	49   	-4082.33379	Yes        	4        	0.691    	0.405    	1.396     	 0.14374   0.37107   0.26689   0.21830	

