. Sequence file : [Salmonid_rh1.phy]

. Model of nucleotides substitution : HKY85

. Initial tree : [BioNJ]


. Data	Nb of 	Likelihood	Discrete   	Number of 	Gamma shape	Proportion of	Transition/ 	Nucleotides frequencies               	
  set	taxa	loglk     	gamma model	categories	parameter  	invariant    	transversion	f(A)      f(C)      f(G)      f(T)    	

  #1	20   	-2799.97244	Yes        	4        	0.123    	0.000    	4.570     	 0.19701   0.32736   0.22406   0.25157	

  #2	20   	-2721.57664	Yes        	4        	0.166    	0.000    	3.232     	 0.18569   0.30071   0.23081   0.28279	

  #3	20   	-2919.79718	Yes        	4        	0.158    	0.000    	4.655     	 0.20900   0.28728   0.25367   0.25005	

  #4	20   	-2939.54745	Yes        	4        	0.138    	0.000    	3.583     	 0.18825   0.30149   0.23576   0.27449	

  #5	20   	-2651.61718	Yes        	4        	0.083    	0.000    	5.054     	 0.20806   0.31225   0.23109   0.24860	

  #6	20   	-2806.28864	Yes        	4        	0.208    	0.000    	3.648     	 0.19195   0.30885   0.23215   0.26705	

  #7	20   	-2834.82984	Yes        	4        	0.294    	0.295    	4.820     	 0.19475   0.32253   0.24290   0.23982	

  #8	20   	-2802.43973	Yes        	4        	0.099    	0.000    	4.685     	 0.20106   0.31600   0.23639   0.24654	

  #9	20   	-2742.74104	Yes        	4        	0.019    	0.015    	4.527     	 0.19575   0.32283   0.23582   0.24559	

  #10	20   	-2796.31495	Yes        	4        	0.144    	0.000    	3.754     	 0.19362   0.32853   0.23371   0.24414	

  #11	20   	-2500.52294	Yes        	4        	0.122    	0.000    	4.935     	 0.19766   0.31082   0.24121   0.25031	

  #12	20   	-2812.65718	Yes        	4        	0.089    	0.000    	4.374     	 0.18755   0.32696   0.22750   0.25799	

  #13	20   	-2647.55857	Yes        	4        	0.019    	0.066    	4.444     	 0.20724   0.30298   0.24130   0.24848	

  #14	20   	-2852.23719	Yes        	4        	0.185    	0.000    	4.381     	 0.19062   0.31331   0.22953   0.26654	

  #15	20   	-2807.83647	Yes        	4        	0.123    	0.000    	4.342     	 0.19981   0.30849   0.24298   0.24872	

  #16	20   	-2726.26903	Yes        	4        	0.187    	0.177    	3.687     	 0.21506   0.30206   0.24083   0.24205	

  #17	20   	-2551.77541	Yes        	4        	0.019    	0.032    	4.081     	 0.17437   0.32633   0.24543   0.25387	

  #18	20   	-2779.53033	Yes        	4        	0.091    	0.000    	3.950     	 0.20052   0.34018   0.20781   0.25149	

  #19	20   	-2638.36816	Yes        	4        	0.020    	0.000    	3.535     	 0.18493   0.31683   0.22905   0.26919	

  #20	20   	-2711.63719	Yes        	4        	0.013    	0.011    	4.763     	 0.19450   0.33512   0.22846   0.24192	

  #21	20   	-2794.03513	Yes        	4        	0.070    	0.000    	4.297     	 0.18933   0.30261   0.23327   0.27480	

  #22	20   	-2624.75201	Yes        	4        	0.167    	0.000    	4.187     	 0.19180   0.31534   0.22474   0.26812	

  #23	20   	-2735.10869	Yes        	4        	0.119    	0.000    	3.788     	 0.16638   0.31216   0.23782   0.28364	

  #24	20   	-2845.37808	Yes        	4        	0.167    	0.086    	3.641     	 0.16960   0.31546   0.24950   0.26544	

  #25	20   	-2868.63165	Yes        	4        	0.268    	0.230    	5.535     	 0.18403   0.34179   0.24288   0.23130	

  #26	20   	-2726.10453	Yes        	4        	0.018    	0.000    	4.297     	 0.20544   0.31781   0.25287   0.22388	

  #27	20   	-2775.61642	Yes        	4        	0.105    	0.000    	4.177     	 0.17901   0.32461   0.24743   0.24895	

  #28	20   	-2723.48985	Yes        	4        	0.169    	0.000    	5.031     	 0.20357   0.33078   0.24160   0.22405	

  #29	20   	-2686.39492	Yes        	4        	0.014    	0.000    	5.678     	 0.19309   0.30709   0.24910   0.25072	

  #30	20   	-2738.53995	Yes        	4        	0.132    	0.000    	2.763     	 0.19271   0.33197   0.23789   0.23743	

  #31	20   	-2711.76235	Yes        	4        	0.083    	0.000    	3.305     	 0.22589   0.30950   0.22231   0.24230	

  #32	20   	-2476.99948	Yes        	4        	0.012    	0.073    	5.370     	 0.21973   0.28426   0.22643   0.26958	

  #33	20   	-2727.12370	Yes        	4        	0.164    	0.000    	5.883     	 0.15961   0.32631   0.25123   0.26284	

  #34	20   	-2675.57564	Yes        	4        	0.019    	0.000    	5.832     	 0.18180   0.31477   0.23164   0.27179	

  #35	20   	-2725.22931	Yes        	4        	0.130    	0.000    	3.899     	 0.19507   0.33047   0.21538   0.25907	

  #36	20   	-2659.75407	Yes        	4        	0.020    	0.032    	4.750     	 0.18955   0.30892   0.25720   0.24433	

  #37	20   	-2769.86896	Yes        	4        	0.140    	0.152    	4.986     	 0.19170   0.31573   0.23950   0.25307	

  #38	20   	-2774.84056	Yes        	4        	0.117    	0.000    	3.447     	 0.18877   0.31053   0.23728   0.26342	

  #39	20   	-2701.95908	Yes        	4        	0.201    	0.000    	4.557     	 0.21419   0.33151   0.22530   0.22900	

  #40	20   	-2714.07426	Yes        	4        	0.019    	0.000    	4.483     	 0.18861   0.31210   0.24431   0.25498	

  #41	20   	-2695.68917	Yes        	4        	0.140    	0.145    	6.070     	 0.20388   0.30943   0.24495   0.24173	

  #42	20   	-2711.76213	Yes        	4        	0.146    	0.000    	3.946     	 0.19428   0.31284   0.25804   0.23484	

  #43	20   	-2914.61972	Yes        	4        	0.103    	0.000    	4.795     	 0.20841   0.30900   0.23745   0.24513	

  #44	20   	-2790.40407	Yes        	4        	0.011    	0.036    	5.639     	 0.19836   0.32053   0.22201   0.25911	

  #45	20   	-2732.51631	Yes        	4        	0.163    	0.000    	4.181     	 0.18489   0.33098   0.23783   0.24630	

  #46	20   	-2620.59591	Yes        	4        	0.019    	0.000    	5.555     	 0.20522   0.31554   0.21730   0.26194	

  #47	20   	-2868.50203	Yes        	4        	0.131    	0.004    	4.443     	 0.18450   0.32933   0.24593   0.24025	

  #48	20   	-2681.32761	Yes        	4        	0.106    	0.000    	4.346     	 0.18755   0.33186   0.23220   0.24840	

  #49	20   	-2683.89631	Yes        	4        	0.066    	0.000    	5.178     	 0.21260   0.30049   0.22511   0.26180	

  #50	20   	-2784.06276	Yes        	4        	0.020    	0.000    	5.366     	 0.20249   0.30444   0.24739   0.24568	

  #51	20   	-2685.58645	Yes        	4        	0.013    	0.017    	4.092     	 0.18848   0.33026   0.22656   0.25470	

  #52	20   	-2684.27138	Yes        	4        	0.000    	0.000    	2.978     	 0.18648   0.31392   0.24310   0.25650	

  #53	20   	-2792.99188	Yes        	4        	0.015    	0.000    	3.371     	 0.19437   0.30384   0.23630   0.26549	

  #54	20   	-2749.10709	Yes        	4        	0.128    	0.000    	3.413     	 0.18098   0.30182   0.24425   0.27296	

  #55	20   	-2537.67424	Yes        	4        	0.128    	0.000    	4.408     	 0.18447   0.32167   0.22330   0.27056	

  #56	20   	-2662.78488	Yes        	4        	0.185    	0.000    	4.711     	 0.18091   0.31981   0.23837   0.26091	

  #57	20   	-2833.89416	Yes        	4        	0.123    	0.094    	2.951     	 0.19659   0.32169   0.25206   0.22966	

  #58	20   	-2798.40217	Yes        	4        	0.154    	0.000    	3.669     	 0.20472   0.32554   0.22650   0.24324	

  #59	20   	-2728.11336	Yes        	4        	0.095    	0.000    	4.313     	 0.19520   0.33723   0.22066   0.24691	

  #60	20   	-2840.84826	Yes        	4        	0.125    	0.000    	4.239     	 0.21362   0.31498   0.23906   0.23234	

  #61	20   	-2673.85606	Yes        	4        	0.099    	0.000    	3.818     	 0.20073   0.31225   0.24383   0.24318	

  #62	20   	-2756.62852	Yes        	4        	0.173    	0.233    	3.318     	 0.19225   0.34343   0.22126   0.24306	

  #63	20   	-2698.53700	Yes        	4        	0.495    	0.483    	4.853     	 0.18247   0.32648   0.23676   0.25430	

  #64	20   	-2511.38203	Yes        	4        	0.082    	0.000    	4.397     	 0.18550   0.31518   0.22582   0.27351	

  #65	20   	-2792.24263	Yes        	4        	0.108    	0.000    	3.928     	 0.20437   0.32722   0.22768   0.24073	

  #66	20   	-2473.25749	Yes        	4        	0.104    	0.000    	6.864     	 0.18418   0.31261   0.24433   0.25888	

  #67	20   	-2715.78347	Yes        	4        	0.203    	0.000    	3.500     	 0.18634   0.30994   0.23230   0.27142	

  #68	20   	-2915.03251	Yes        	4        	0.151    	0.000    	3.944     	 0.20993   0.32322   0.22714   0.23971	

  #69	20   	-2792.24898	Yes        	4        	0.112    	0.037    	3.577     	 0.19069   0.31303   0.23922   0.25706	

  #70	20   	-2722.43480	Yes        	4        	0.014    	0.116    	3.073     	 0.20820   0.30629   0.23825   0.24726	

  #71	20   	-2838.29883	Yes        	4        	0.136    	0.000    	3.802     	 0.19415   0.32284   0.24459   0.23841	

  #72	20   	-2697.83240	Yes        	4        	0.187    	0.000    	5.363     	 0.19865   0.31048   0.22193   0.26894	

  #73	20   	-2911.23298	Yes        	4        	0.154    	0.000    	3.613     	 0.21259   0.31084   0.23071   0.24587	

  #74	20   	-2764.26205	Yes        	4        	0.115    	0.000    	4.093     	 0.21698   0.30645   0.21265   0.26393	

  #75	20   	-2735.75512	Yes        	4        	0.019    	0.000    	4.942     	 0.20761   0.32162   0.24151   0.22925	

  #76	20   	-2835.73071	Yes        	4        	0.137    	0.000    	4.648     	 0.18124   0.30231   0.26180   0.25465	

  #77	20   	-2695.83109	Yes        	4        	0.219    	0.295    	2.537     	 0.19196   0.31796   0.22213   0.26794	

  #78	20   	-2697.78465	Yes        	4        	0.341    	0.447    	3.033     	 0.18721   0.33912   0.21584   0.25783	

  #79	20   	-2682.47454	Yes        	4        	0.018    	0.000    	5.495     	 0.19302   0.31045   0.23517   0.26136	

  #80	20   	-2742.43205	Yes        	4        	0.198    	0.314    	4.728     	 0.20031   0.30961   0.25046   0.23963	

  #81	20   	-2666.17318	Yes        	4        	0.084    	0.000    	6.215     	 0.21325   0.29054   0.24164   0.25457	

  #82	20   	-2772.65724	Yes        	4        	0.120    	0.000    	3.863     	 0.18086   0.32125   0.25282   0.24507	

  #83	20   	-2708.71566	Yes        	4        	0.067    	0.000    	4.240     	 0.21949   0.28671   0.24065   0.25315	

  #84	20   	-2709.43000	Yes        	4        	0.082    	0.000    	3.299     	 0.19995   0.32622   0.21669   0.25714	

  #85	20   	-2782.34304	Yes        	4        	0.149    	0.000    	4.691     	 0.17610   0.30635   0.25628   0.26127	

  #86	20   	-2960.19604	Yes        	4        	0.119    	0.000    	4.638     	 0.21385   0.31703   0.23302   0.23610	

  #87	20   	-2946.50629	Yes        	4        	0.161    	0.000    	3.609     	 0.21586   0.30509   0.23968   0.23937	

  #88	20   	-2832.36424	Yes        	4        	0.138    	0.000    	4.063     	 0.21665   0.28536   0.22948   0.26852	

  #89	20   	-2740.66017	Yes        	4        	0.124    	0.000    	4.566     	 0.20131   0.30730   0.23094   0.26044	

  #90	20   	-2699.27730	Yes        	4        	0.244    	0.054    	3.617     	 0.17990   0.33228   0.24305   0.24477	

  #91	20   	-2779.10565	Yes        	4        	0.000    	0.068    	4.847     	 0.22270   0.28920   0.24767   0.24043	

  #92	20   	-2762.18339	Yes        	4        	0.087    	0.000    	5.043     	 0.20379   0.30790   0.24479   0.24352	

  #93	20   	-2762.73668	Yes        	4        	0.073    	0.000    	6.024     	 0.19817   0.30690   0.25834   0.23660	

  #94	20   	-2817.17729	Yes        	4        	0.019    	0.013    	5.307     	 0.20414   0.34775   0.23284   0.21526	

  #95	20   	-2530.46655	Yes        	4        	0.014    	0.000    	5.211     	 0.18277   0.32036   0.23683   0.26005	

  #96	20   	-2693.00013	Yes        	4        	0.117    	0.000    	5.391     	 0.18719   0.31975   0.23043   0.26262	

  #97	20   	-2704.20776	Yes        	4        	0.019    	0.022    	3.534     	 0.20021   0.31136   0.22949   0.25895	

  #98	20   	-2612.43389	Yes        	4        	0.019    	0.000    	3.590     	 0.20118   0.31089   0.23036   0.25756	

  #99	20   	-2891.77794	Yes        	4        	0.162    	0.033    	3.479     	 0.21477   0.30571   0.24309   0.23643	

  #100	20   	-2497.00206	Yes        	4        	0.018    	0.057    	5.714     	 0.20208   0.30015   0.24850   0.24927	

